Top k values: 
499999471
499998747
499998229
499998068
499997518
499995973
499995707
499995394
499994902
499994101
499993590
499993260
499992870
499992547
499992238
499991725
499990301
499989728
499988223
499987893
499987250
499986380
499984770
499984680
499984639
499984177
499983785
499983554
499982649
499982035
499981522
499980345
499980209
499979824
499979104
499978691
499978588
499978569
499976940
499976104
499976088
499974962
499974451
499974392
499974005
499973640
499973526
499972938
499972901
499972394
499971943
499971827
499971749
499971729
499971186
499971069
499971049
499970687
499970406
499969294
499968709
499967179
499966496
499966277
499966048
499966026
499965601
499964539
499962862
499961484
499961302
499960872
499960411
499960331
499959750
499959586
499959035
499958591
499957987
499957895
499957810
499957667
499956939
499955793
499955695
499955179
499954433
499953860
499953843
499953683
499953239
499952746
499951508
499951178
499950014
499949824
499949244
499948308
499948181
Time taken:  5678ms